0000000000111111111111000000000000000000011111111100000000000000111111111000000000011111111100000001111111111111111111111111000000000000000111111111100000000000000011111110000000000000011111110000001111111111111111111111111000000001111111111100000000000000000
0000000011111111111111110000000000000000011111111100000000000000111111111000000000011111111100000001111111111111111111111111000000000000011111111111111000000000000011111110000000000000011111110000001111111111111111111111111000000001111111111111111110000000000
0000001111111111111111111100000000000000011111111100000000000000111111111100000000111111111100000001111111111111111111111111000000000000111111111111111100000000000011111110000000000000011111110000001111111111111111111111111000000001111111111111111111100000000
0000011111111111111111111100000000000000111111111110000000000000111111111100000000111111111100000001111111111111111111111111000000000001111111111111111110000000000011111110000000000000011111110000001111111111111111111111111000000001111111111111111111111000000
0000111111111111111111111100000000000000111111111110000000000000111111111100000000111111111100000001111111111111111111111111000000000011111111111111111111000000000001111110000000000000011111100000001111111111111111111111111000000001111111111111111111111100000
0001111111111111111111111100000000000000111111111110000000000000111111111100000000111111111100000001111111111111111111111111000000000111111111111111111111100000000001111111000000000000111111100000001111111111111111111111111000000001111111111111111111111100000
0001111111110000000000111100000000000000111111111110000000000000111111111110000001111111111100000001111111111111111111111111000000000111111110000001111111100000000001111111000000000000111111100000001111111111111111111111111000000001111111111111111111111110000
0011111111000000000000011100000000000001111110111111000000000000111111101110000001110111111100000001111111100000000000000000000000001111111100000000111111110000000001111111000000000000111111100000001111111100000000000000000000000001111111100000000111111110000
0011111110000000000000000100000000000001111110111111000000000000111111101110000001110111111100000001111111100000000000000000000000001111111000000000011111110000000000111111000000000000111111000000001111111100000000000000000000000001111111100000000011111110000
0111111110000000000000000000000000000001111100011111000000000000111111101110000001110111111100000001111111100000000000000000000000001111111000000000011111110000000000111111000000000000111111000000001111111100000000000000000000000001111111100000000011111110000
0111111100000000000000000000000000000011111100011111100000000000111111101111000011110111111100000001111111100000000000000000000000001111110000000000001111110000000000111111100000000001111111000000001111111100000000000000000000000001111111100000000011111110000
0111111100000000000000000000000000000011111100011111100000000000111111101111000011110111111100000001111111100000000000000000000000011111110000000000001111111000000000111111100000000001111111000000001111111100000000000000000000000001111111100000000011111110000
1111111000000000000000000000000000000011111100011111100000000000111111100111000011100111111100000001111111100000000000000000000000011111110000000000001111111000000000011111100000000001111110000000001111111100000000000000000000000001111111100000000011111110000
1111111000000000000000000000000000000011111000001111100000000000111111100111000011100111111100000001111111100000000000000000000000011111110000000000001111111000000000011111100000000001111110000000001111111100000000000000000000000001111111100000000011111110000
1111111000000000000000000000000000000111111000001111110000000000111111100111100111100111111100000001111111100000000000000000000000011111110000000000001111111000000000011111110000000011111110000000001111111100000000000000000000000001111111100000000011111110000
1111111000000000000000000000000000000111111000001111110000000000111111100111100111100111111100000001111111111111111111111100000000011111110000000000001111111000000000011111110000000011111110000000001111111111111111111111100000000001111111100000000011111110000
1111111000000000000000000000000000000111111000001111110000000000111111100011100111000111111100000001111111111111111111111100000000011111110000000000001111111000000000001111110000000011111100000000001111111111111111111111100000000001111111100000000111111100000
1111111000000000000000000000000000001111110000001111111000000000111111100011101111000111111100000001111111111111111111111100000000011111110000000000001111111000000000001111110000000011111100000000001111111111111111111111100000000001111111111111111111111100000
1111111000000001111111111110000000001111110000000111111000000000111111100011111111000111111100000001111111111111111111111100000000011111110000000000001111111000000000001111110000000011111100000000001111111111111111111111100000000001111111111111111111110000000
1111111000000001111111111110000000001111110000000111111000000000111111100011111111000111111100000001111111111111111111111100000000111111110000000000001111111000000000001111111000000111111100000000001111111111111111111111100000000001111111111111111111100000000
1111111000000001111111111110000000001111110000000111111000000000111111100001111110000111111100000001111111111111111111111100000000011111110000000000001111111000000000000111111000000111111000000000001111111111111111111111100000000001111111111111111100000000000
1111111000000001111111111110000000011111110000000111111100000000111111100001111110000111111100000001111111111111111111111100000000011111110000000000001111111000000000000111111000000111111000000000001111111111111111111111100000000001111111111111111110000000000
1111111000000001111111111110000000011111100000000011111100000000111111100001111110000111111100000001111111100000000000000000000000011111110000000000001111111000000000000111111000000111111000000000001111111100000000000000000000000001111111111111111111000000000
1111111000000001111111111110000000011111111111111111111100000000111111100001111110000111111100000001111111100000000000000000000000011111110000000000001111111000000000000111111000000111111000000000001111111100000000000000000000000001111111111111111111100000000
1111111000000001111111111110000000011111111111111111111100000000111111100000111110000111111100000001111111100000000000000000000000011111110000000000001111111000000000000011111100001111110000000000001111111100000000000000000000000001111111100000111111100000000
1111111000000000000011111110000000111111111111111111111110000000111111100000000000000111111100000001111111100000000000000000000000011111110000000000001111111000000000000011111100001111110000000000001111111100000000000000000000000001111111100000011111110000000
1111111000000000000011111110000000111111111111111111111110000000111111100000000000000111111100000001111111100000000000000000000000011111110000000000001111111000000000000011111100001111110000000000001111111100000000000000000000000001111111100000001111110000000
1111111100000000000011111110000000111111111111111111111110000000111111100000000000000111111100000001111111100000000000000000000000011111110000000000001111111000000000000011111100001111110000000000001111111100000000000000000000000001111111100000001111111000000
0111111100000000000011111110000001111111111111111111111111000000111111100000000000000111111100000001111111100000000000000000000000011111110000000000001111110000000000000001111110011111100000000000001111111100000000000000000000000001111111100000000111111000000
0111111110000000000011111110000001111111000000000001111111000000111111100000000000000111111100000001111111100000000000000000000000001111111000000000011111110000000000000001111110011111100000000000001111111100000000000000000000000001111111100000000111111100000
0011111110000000000011111110000001111110000000000000111111000000111111100000000000000111111100000001111111100000000000000000000000001111111000000000011111110000000000000001111110011111100000000000001111111100000000000000000000000001111111100000000011111110000
0011111111000000000011111110000001111110000000000000111111000000111111100000000000000111111100000001111111100000000000000000000000001111111100000000111111110000000000000001111110011111100000000000001111111100000000000000000000000001111111100000000011111110000
0001111111110000000011111110000011111110000000000000111111100000111111100000000000000111111100000001111111111111111111111111000000000111111110000001111111100000000000000000111110011111000000000000001111111111111111111111111000000001111111100000000001111111000
0001111111111111111111111110000011111110000000000000111111100000111111100000000000000111111100000001111111111111111111111111000000000111111111111111111111100000000000000000111111111111000000000000001111111111111111111111111000000001111111100000000001111111000
0000111111111111111111111110000011111100000000000000011111100000111111100000000000000111111100000001111111111111111111111111000000000011111111111111111111000000000000000000111111111111000000000000001111111111111111111111111000000001111111100000000000111111100
0000011111111111111111111110000011111100000000000000011111100000111111100000000000000111111100000001111111111111111111111111000000000001111111111111111110000000000000000000111111111111000000000000001111111111111111111111111000000001111111100000000000111111100
0000001111111111111111111000000111111100000000000000011111110000111111100000000000000111111100000001111111111111111111111111000000000000111111111111111100000000000000000000111111111111000000000000001111111111111111111111111000000001111111100000000000011111110
0000000011111111111111110000000111111100000000000000011111110000111111100000000000000111111100000001111111111111111111111111000000000000011111111111111000000000000000000000011111111110000000000000001111111111111111111111111000000001111111100000000000011111110
0000000000111111111110000000000111111000000000000000001111110000111111100000000000000111111100000001111111111111111111111111000000000000000111111111100000000000000000000000011111111110000000000000001111111111111111111111111000000001111111100000000000011111111
